8395
4332
8151
4299
2214
5410
5120
9860
6423
8253
8585
9552
9272
9939
2611
8676
7518
3272
6027
7714
4804
5762
5683
5570
1011
3826
4348
3494
6572
4833
1816
4723
8568
2779
3761
8348
9875
9301
1793
4069
4037
6917
7883
3129
5422
1018
9697
6262
8970
8083
2563
7917
5451
6024
2814
1661
6807
2062
9073
3233
1599
7705
8533
5458
9966
7366
2526
1621
8084
5902
5029
8254
9580
2132
3093
5965
5506
9993
2506
2384
5303
2110
7651
7641
9349
2760
4551
4999
1983
1121
2910
3588
8996
9239
5511
6820
4990
5240
5427
6540

